28.03548
29.18396
30.33243
37.3582
38.16882
39.04708
39.92528
40.80354
41.5466
42.76264
43.97861
55.39548
56.54396
57.75993
60.46215
62.15104
65.39375
66.67729
67.89326
68.9066
82.68799
83.76882
84.9173
92.14577
92.95639
93.90215
94.71284
95.65861
96.33417
97.61771
98.76618
110.2506
111.3991
112.6826
115.1147
117.0062
120.6542
121.5999
122.8835
123.7617
137.2729
137.6782
138.151
140.1777
142.4747
144.3662
147.6088
149.4328
150.9866
154.0266
158.0124
163.3493
164.1599
164.9706
167.4702
170.1049
171.6586
174.9688
177.0631
178.5493
181.2515
184.2915
185.3724
190.6417
191.4524
192.2631
194.8977
197.3297
199.2213
205.9093
207.1253
208.1386
215.3671
216.3129
217.1236
217.9342
218.8124
219.623
220.8391
221.9199
233.3369
234.5529
235.7013
238.5386
240.1599
243.5377
244.8213
246.0373
247.0506
260.7644
261.9804
263.1964
264.0747
265.3582
266.5742
267.52
268.6684
270.1547
271.0328
272.1138
273.5999
274.4106
275.5591
276.9777
277.7884
279.0044
280.3555
281.1662
282.4497
283.8684
284.7466
286.0977
287.2462
288.1244
289.3404
290.7591
291.6373
292.7182
294.0693
294.8799
296.1635
297.5822
298.3929
299.4738
301.568