67
64
67
65
62
65
64
60
64
62
59
57
55
64
60
67
64
67
65
62
65
64
60
64
62
59
57
55
67
64
67
65
62
65
64
60
64
62
59
57
55
64
60
60
62
64
65
67
69
67
65
64
65
67
65
64
62
64
65
64
62
64
59
57
55
60
65
67
69
67
65
64
65
67
65
64
62
64
65
64
62
64
60
55
67
64
67
65
62
65
64
60
64
62
59
57
55
64
60
67
64
67
65
62
65
64
60
64
62
59
57
55
67
64
67
65
62
65
64
60
64
62
59
57
55
64
60
60
62
64
65
67
69
67
65
64
65
67
65
64
62
64
65
64
62
64
59
57
55
60
65
67
69
67
65
64
65
67
65
64
62
64
65
64
62
64
60
55