32.56174
34.11549
35.3991
36.41243
37.89861
39.38486
40.33063
41.88437
43.23549
44.31639
45.87021
47.35639
48.36972
49.72083
49.72083
64.58305
66.00174
67.35284
68.36618
69.85243
71.33862
72.41952
73.97327
75.25688
76.40527
78.0266
79.37771
80.39104
96.60438
98.1582
99.57688
100.5902
102.0088
103.4951
104.3733
105.8595
107.4133
108.4266
109.9804
111.5342
112.4124
114.0338
114.0338
124.5049
125.856
127.3422
128.3555
129.8417
131.4631
132.3413
134.2328
136.4622
137.8133
139.4346
140.448
142.3395
144.2986
145.7173
147.3386
148.3519
150.4462
152.2702
155.2426
155.7831
156.256
158.6204
160.5795
161.8631
163.3493
164.2951
166.3893
168.4836
169.7671
171.3884
172.3342
174.2933
176.5226
177.6711
179.4275
180.1706
182.3324
184.4266
184.4266
184.4266
200.3697
201.856
203.3422
204.3555
205.9093
207.3955
208.4088
209.9626
211.3813
212.5297
213.9484
215.3671
216.3129
217.9342
217.9342
232.391
233.8773
235.7688
236.9173
237.8631
239.3493
240.4302
241.8488
243.3351
244.416
245.9022
247.3884
248.2666
264.6151
266.0338
267.5875
268.6008
269.9519
271.3706
272.2488
273.8702
275.2888
276.3698
278.0586
279.4097
280.288
281.9093
281.9093
292.5155
293.9342
295.2853
296.3662
297.92
299.5413
300.4195
302.6488
304.5404
305.6888
307.3777
308.256
310.3502
312.512
313.728
315.3493
316.2951
318.3893
320.4836
323.456
323.9964
324.4693
326.496
328.5226
329.8737
331.4275
332.2382
334.3999
336.3591
337.7102
339.4666
340.3449
342.5066
344.3982
345.8844
347.3031
348.3164
350.4782
352.64
352.64
352.64