2.466118
3.33651
4.279451
5.294902
6.310392
7.253294
8.341294
9.284235
10.26345
11.31518
12.29439
13.30984
14.32529
15.26824
18.31463
19.14878
20.16423
20.99839
22.05012
22.55784
22.81172
23.21063
24.26239
25.02396
26.32957
27.27251
28.25172
29.01329
30.21012
30.57278
30.97173
31.29812
32.27729
33.07518
33.51039
33.76423
34.01812
34.52584
35.35996
36.26663
37.06451
38.18878
38.69651
39.16796
40.29223
41.12639
42.43196
42.97596
43.41117
44.28157
45.15196
46.16745
46.6389
47.11039
48.23463
49.03251
49.54023
49.79411
50.01173
50.33812
51.02717
51.35357
51.82506
52.29651
54.32745
55.08906
55.66929
56.17706
56.35839
57.30129
58.24423
58.93329
59.22345
59.76745
60.27517
61.25439
61.76212
62.30611
63.21278
63.72051
64.22823
65.31623
66.25917
67.16584
67.49223
67.8549
68.29012
69.34184
71.22772
71.77172
72.24317
73.2949
74.31039
75.10824
75.68851
76.30506
77.28423
77.79195
78.29972
78.80744
79.2789
79.78663
80.25812
80.76584
81.27357
81.85384
82.28905
82.76051
83.26823
83.70345
84.24744
84.79144
85.2629
85.77063
86.31463
86.78612
87.29384
87.83784
88.27306
88.81705
89.28851
89.79623
90.30396
91.21062
92.22611
92.51623
92.73384
93.06023
93.35039
94.18451
95.27251
96.32423
97.30344
98.24639
98.75411
99.29811
100.2773
101.1477
102.3808
103.2874
104.3392
105.2458
106.08
106.4064
106.8778
107.3856
108.2922
109.1264
109.6341
109.888
110.1056
110.3232
111.2661
112.2816
113.1882
114.24
114.784
115.2917
116.2709
117.1051
118.3744
119.3173
120.3328
121.2757
122.2549
122.7626
123.2704
124.3221
125.1562
125.7365
125.9541
126.1717
126.3893
127.0784
127.3685
127.8037
128.3114
130.3424
131.1765
131.6842
132.3008
133.3162
134.3317
135.2021
135.4922
135.9637
136.3264
137.3418
137.8133
138.3573
139.2277
139.5541
140.0618
140.3882
141.3312
142.3104
143.1808
143.5072
143.9061
144.3776
146.336
147.1338
147.3877
147.7866
148.2944
149.3098
150.2528
150.9781
151.2682
151.7397
152.2837
153.2629
153.6981
153.9882
154.1696
154.4597
155.0037
155.5114
156.2731
156.7082
157.216
157.7237
158.1952
158.1952
158.1952