32.22389
33.5751
35.46651
36.27731
38.03363
39.38484
40.26309
41.81686
43.30297
44.31633
45.87009
47.42385
48.167
49.58567
64.71817
65.73153
67.28529
68.16354
69.85241
71.47363
72.21678
73.83819
75.1892
76.1351
77.75632
79.44518
80.32344
96.53676
97.75286
99.30663
100.2523
101.7386
103.3599
104.3732
105.927
107.4807
108.359
109.9128
111.3991
112.2773
113.8311
124.0319
125.991
127.5447
128.423
129.9767
131.4631
132.4088
134.2327
136.4622
137.6107
139.4346
140.3129
142.2043
144.2986
145.7848
147.3385
148.2844
149.9733
152.2026
155.8505
156.4585
157.607
160.4443
161.863
163.5518
164.3626
166.3892
168.4159
169.6994
171.4559
172.3342
174.0905
176.1172
177.7386
179.3599
180.1707
182.1297
184.0888
200.9102
202.0586
203.4773
204.3555
205.9768
207.5305
208.4088
209.9625
211.4488
212.3271
213.8809
215.2319
216.1778
217.799
232.3234
233.607
235.2959
236.1067
237.7279
239.3493
240.2276
241.7137
243.1323
244.0782
245.6994
247.1181
248.1315
249.6852
264.4124
265.7634
267.3172
268.128
269.7492
271.4381
272.3163
273.8026
275.2888
276.2346
277.9235
279.4773
280.3555
281.8416
292.3803
293.8666
295.3528
296.2986
297.9199
299.5413
300.4195
302.3109
304.3377
305.824
307.5128
308.3235
310.1474
312.2418
313.6604
315.4844
316.4301
318.119
320.0106
323.6585
324.1315
326.2933
328.3875
329.7386
331.4275
332.1707
334.0621
336.2239
337.7102
339.3991
340.2097
342.1013
344.2631
345.7492
347.3706
348.3163
350.2754
352.3698
