34.04785
35.46651
36.95243
37.89872
39.38464
40.9386
41.88412
43.37081
44.92399
45.87028
47.42346
48.91016
49.92371
51.40963
51.40963
66.2039
67.48804
68.97396
69.98751
71.47343
72.96013
73.9729
75.45959
76.94552
77.95907
79.51302
80.86365
82.0125
98.09013
99.57683
101.0628
102.009
103.5622
105.0489
105.9944
107.5484
108.899
109.9806
111.5338
112.8852
113.8987
115.5199
115.5199
126.0582
127.4769
128.9636
129.9091
131.395
132.949
133.8272
135.7863
137.9479
139.3666
140.8533
141.8668
143.7579
145.8522
147.3381
148.9601
149.9056
151.7294
153.7565
156.9317
157.5394
157.8772
160.0388
161.9979
163.4846
164.9705
165.916
167.9431
169.9022
171.2528
172.9421
173.8876
175.8466
177.8737
179.2244
180.8464
181.8591
183.7509
186.0479
186.0479
186.0479
201.9237
204.1526
205.0309
206.1117
207.5984
209.0843
210.0978
211.651
213.0697
213.9479
215.4346
216.7852
217.6635
219.4881
219.4881
233.7419
235.3631
236.8498
237.9306
239.3493
240.9705
241.8488
243.47
244.9559
246.0375
247.5234
248.9421
249.8876
266.1685
267.6552
269.0059
270.0194
271.5053
273.1266
273.9376
275.4915
277.0455
277.991
279.4769
280.8956
281.8419
283.5303
283.5303
294.0694
295.42
296.974
297.9195
299.5415
301.0947
301.9729
303.7975
305.8911
307.3777
308.8636
309.8099
311.769
313.9979
315.4166
316.9705
317.916
319.9431
321.9695
325.0774
325.685
326.0901
328.1172
329.941
331.4277
332.9809
333.9944
335.9535
337.9126
339.3993
340.9525
341.8987
343.8578
345.9521
347.4381
348.924
350.0048
351.8293
353.7884
353.7884
353.7884