35
35
35
35
35
35
35
35
35
35
35
35
35
35
57
59
60
62
62
69
69
67
65
64
57
59
60
62
62
69
69
67
65
64
64
67
69
57
59
60
62
62
69
69
67
65
64
57
59
60
62
62
69
69
67
65
64
64
67
69
65
65
67
69
64
57
57
59
62
60
67
65
65
67
69
64
64
72
71
57
57
59
62
60
67
65
65
67
69
64
57
57
59
62
60
67
65
65
67
69
64
64
72
71
33
33
33
33
33
33
33
33
33
33
33
33
33
33
33
33
33
33
33
33
33
33
33
33
33
33
33
33
33
33
57
59
60
62
62
69
69
67
65
64
57
59
60
62
62
69
69
67
65
64
64
67
69
57
59
60
62
62
69
69
67
65
64
57
59
60
62
62
69
69
67
65
64
64
67
69
65
65
67
69
64
57
57
59
62
60
67
65
65
67
69
64
64
72
71
57
57
59
62
60
67
65
65
67
69
64
57
57
59
62
60
67
65
65
67
69
64
64
72
71
57