2.067177
3.155177
4.206902
5.149843
6.237843
7.14451
8.196236
9.102902
10.11839
11.17012
12.11306
13.05596
14.10773
15.01439
18.16957
19.11251
20.09172
20.85329
22.01384
22.19518
22.73918
23.13812
24.11729
24.84263
26.18451
27.16372
28.07039
28.83196
30.06506
30.28263
30.75412
31.18929
32.09596
32.89384
33.51039
33.76423
34.01812
34.27196
35.10612
36.12157
36.91945
38.11623
38.40639
38.76906
39.20424
40.03839
40.94506
42.21439
43.1573
44.17278
44.97063
46.05863
46.67517
47.14663
48.16212
48.88745
49.50396
49.75784
50.01173
50.22929
50.91839
51.17223
51.71623
52.18772
54.32745
54.98024
55.27039
55.74184
56.24957
57.22878
58.28051
59.07839
59.33223
59.73117
60.27517
61.03679
61.3269
61.76212
62.30611
63.14023
63.43039
63.82929
64.30078
65.31623
66.29545
67.12957
67.41972
67.81863
68.32639
70.28478
71.08263
71.33651
71.80796
72.2069
73.22239
74.20157
75.07196
75.28957
75.76105
76.26878
77.03039
77.28423
77.75572
78.1909
78.66239
79.09756
79.60529
80.18556
80.69329
81.20105
81.70879
82.21651
82.76051
83.23196
83.73972
84.13862
84.68262
85.19039
85.73439
86.20584
86.74984
87.18505
87.69278
88.20051
88.70824
89.21596
89.75996
90.19517
91.13811
92.18984
94.14823
95.12745
96.17917
96.94078
98.10129
98.60905
99.11678
100.2048
100.9664
102.272
103.2874
104.1941
105.0645
106.1162
106.6602
107.168
108.1472
109.0538
109.6704
109.9242
110.1781
110.4682
111.2298
112.2816
113.0432
114.1312
114.6389
115.1466
116.1621
116.9962
118.2656
119.2085
120.1877
121.0944
122.1461
122.6176
123.1253
124.177
125.0475
125.6277
125.8453
126.0629
126.3168
126.9333
127.1872
127.5498
127.84
128.1664
130.2698
130.9226
131.1765
131.5754
132.1557
133.2437
134.2229
135.0208
135.2746
135.7461
136.1813
137.2693
137.6682
138.2122
138.9738
139.3002
139.7354
140.2794
141.2586
142.2016
142.9995
143.2896
143.7248
144.16
146.2634
146.9888
147.2789
147.6778
148.1856
149.0922
150.1077
150.9056
151.1957
151.5946
152.1386
153.009
153.2629
153.6981
154.2058
154.6411
155.2576
155.729
156.1642
156.672
157.216
157.6149
157.6149